        Frequency / GHz                Power Accepted/real
----------------------------------------------------------------------
                   3.395                      0.37226752
                 3.39521                       0.3726219
                 3.39542                      0.37297639
                 3.39563                      0.37333097
                 3.39584                      0.37368565
                 3.39605                      0.37404042
                 3.39626                      0.37439529
                 3.39647                      0.37475025
                 3.39668                       0.3751053
                 3.39689                      0.37546044
                  3.3971                      0.37581566
                 3.39731                      0.37617096
                 3.39752                      0.37652634
                 3.39773                      0.37688179
                 3.39794                      0.37723732
                 3.39815                      0.37759293
                 3.39836                       0.3779486
                 3.39857                      0.37830433
                 3.39878                      0.37866014
                 3.39899                        0.379016
                  3.3992                      0.37937192
                 3.39941                       0.3797279
                 3.39962                      0.38008394
                 3.39983                      0.38044002
                 3.40004                      0.38079616
                 3.40025                      0.38115234
                 3.40046                      0.38150857
                 3.40067                      0.38186483
                 3.40088                      0.38222114
                 3.40109                      0.38257749
                  3.4013                      0.38293386
                 3.40151                      0.38329027
                 3.40172                      0.38364671
                 3.40193                      0.38400318
                 3.40214                      0.38435967
                 3.40235                      0.38471618
                 3.40256                      0.38507271
                 3.40277                      0.38542925
                 3.40298                      0.38578581
                 3.40319                      0.38614238
                  3.4034                      0.38649896
                 3.40361                      0.38685555
                 3.40382                      0.38721214
                 3.40403                      0.38756873
                 3.40424                      0.38792531
                 3.40445                       0.3882819
                 3.40466                      0.38863847
                 3.40487                      0.38899504
                 3.40508                      0.38935159
                 3.40529                      0.38970813
                  3.4055                      0.39006465
                 3.40571                      0.39042115
                 3.40592                      0.39077763
                 3.40613                      0.39113408
                 3.40634                       0.3914905
                 3.40655                       0.3918469
                 3.40676                      0.39220326
                 3.40697                      0.39255958
                 3.40718                      0.39291586
                 3.40739                       0.3932721
                  3.4076                       0.3936283
                 3.40781                      0.39398445
                 3.40802                      0.39434055
                 3.40823                       0.3946966
                 3.40844                      0.39505259
                 3.40865                      0.39540853
                 3.40886                       0.3957644
                 3.40907                      0.39612021
                 3.40928                      0.39647596
                 3.40949                      0.39683163
                  3.4097                      0.39718724
                 3.40991                      0.39754277
                 3.41012                      0.39789822
                 3.41033                      0.39825359
                 3.41054                      0.39860888
                 3.41075                      0.39896408
                 3.41096                       0.3993192
                 3.41117                      0.39967422
                 3.41138                      0.40002916
                 3.41159                      0.40038399
                  3.4118                      0.40073872
                 3.41201                      0.40109336
                 3.41222                      0.40144788
                 3.41243                       0.4018023
                 3.41264                      0.40215661
                 3.41285                       0.4025108
                 3.41306                      0.40286488
                 3.41327                      0.40321884
                 3.41348                      0.40357268
                 3.41369                      0.40392639
                  3.4139                      0.40427997
                 3.41411                      0.40463342
                 3.41432                      0.40498674
                 3.41453                      0.40533992
                 3.41474                      0.40569296
                 3.41495                      0.40604586
                 3.41516                      0.40639862
                 3.41537                      0.40675122
                 3.41558                      0.40710368
                 3.41579                      0.40745598
                   3.416                      0.40780812
                 3.41621                       0.4081601
                 3.41642                      0.40851192
                 3.41663                      0.40886358
                 3.41684                      0.40921506
                 3.41705                      0.40956638
                 3.41726                      0.40991752
                 3.41747                      0.41026848
                 3.41768                      0.41061925
                 3.41789                      0.41096985
                  3.4181                      0.41132026
                 3.41831                      0.41167048
                 3.41852                       0.4120205
                 3.41873                      0.41237033
                 3.41894                      0.41271996
                 3.41915                      0.41306939
                 3.41936                      0.41341861
                 3.41957                      0.41376763
                 3.41978                      0.41411643
                 3.41999                      0.41446502
                  3.4202                      0.41481339
                 3.42041                      0.41516154
                 3.42062                      0.41550947
                 3.42083                      0.41585717
                 3.42104                      0.41620464
                 3.42125                      0.41655188
                 3.42146                      0.41689888
                 3.42167                      0.41724564
                 3.42188                      0.41759216
                 3.42209                      0.41793844
                  3.4223                      0.41828446
                 3.42251                      0.41863024
                 3.42272                      0.41897575
                 3.42293                      0.41932101
                 3.42314                      0.41966601
                 3.42335                      0.42001075
                 3.42356                      0.42035521
                 3.42377                       0.4206994
                 3.42398                      0.42104332
                 3.42419                      0.42138697
                  3.4244                      0.42173033
                 3.42461                      0.42207341
                 3.42482                       0.4224162
                 3.42503                       0.4227587
                 3.42524                       0.4231009
                 3.42545                      0.42344281
                 3.42566                      0.42378442
                 3.42587                      0.42412572
                 3.42608                      0.42446672
                 3.42629                       0.4248074
                  3.4265                      0.42514778
                 3.42671                      0.42548783
                 3.42692                      0.42582757
                 3.42713                      0.42616698
                 3.42734                      0.42650606
                 3.42755                      0.42684482
                 3.42776                      0.42718324
                 3.42797                      0.42752132
                 3.42818                      0.42785907
                 3.42839                      0.42819646
                  3.4286                      0.42853352
                 3.42881                      0.42887022
                 3.42902                      0.42920656
                 3.42923                      0.42954255
                 3.42944                      0.42987818
                 3.42965                      0.43021344
                 3.42986                      0.43054834
                 3.43007                      0.43088286
                 3.43028                      0.43121701
                 3.43049                      0.43155079
                  3.4307                      0.43188418
                 3.43091                      0.43221718
                 3.43112                       0.4325498
                 3.43133                      0.43288202
                 3.43154                      0.43321385
                 3.43175                      0.43354528
                 3.43196                      0.43387631
                 3.43217                      0.43420693
                 3.43238                      0.43453714
                 3.43259                      0.43486694
                  3.4328                      0.43519632
                 3.43301                      0.43552528
                 3.43322                      0.43585381
                 3.43343                      0.43618192
                 3.43364                       0.4365096
                 3.43385                      0.43683685
                 3.43406                      0.43716365
                 3.43427                      0.43749002
                 3.43448                      0.43781593
                 3.43469                       0.4381414
                  3.4349                      0.43846642
                 3.43511                      0.43879098
                 3.43532                      0.43911508
                 3.43553                      0.43943872
                 3.43574                      0.43976189
                 3.43595                       0.4400846
                 3.43616                      0.44040682
                 3.43637                      0.44072857
                 3.43658                      0.44104984
                 3.43679                      0.44137062
                   3.437                      0.44169091
                 3.43721                      0.44201071
                 3.43742                      0.44233002
                 3.43763                      0.44264882
                 3.43784                      0.44296713
                 3.43805                      0.44328492
                 3.43826                       0.4436022
                 3.43847                      0.44391897
                 3.43868                      0.44423522
                 3.43889                      0.44455095
                  3.4391                      0.44486615
                 3.43931                      0.44518083
                 3.43952                      0.44549497
                 3.43973                      0.44580857
                 3.43994                      0.44612163
                 3.44015                      0.44643415
                 3.44036                      0.44674612
                 3.44057                      0.44705754
                 3.44078                       0.4473684
                 3.44099                      0.44767871
                  3.4412                      0.44798845
                 3.44141                      0.44829762
                 3.44162                      0.44860622
                 3.44183                      0.44891425
                 3.44204                      0.44922171
                 3.44225                      0.44952857
                 3.44246                      0.44983486
                 3.44267                      0.45014055
                 3.44288                      0.45044565
                 3.44309                      0.45075016
                  3.4433                      0.45105406
                 3.44351                      0.45135736
                 3.44372                      0.45166005
                 3.44393                      0.45196213
                 3.44414                      0.45226359
                 3.44435                      0.45256444
                 3.44456                      0.45286466
                 3.44477                      0.45316425
                 3.44498                      0.45346321
                 3.44519                      0.45376154
                  3.4454                      0.45405923
                 3.44561                      0.45435627
                 3.44582                      0.45465267
                 3.44603                      0.45494842
                 3.44624                      0.45524352
                 3.44645                      0.45553796
                 3.44666                      0.45583173
                 3.44687                      0.45612484
                 3.44708                      0.45641729
                 3.44729                      0.45670906
                  3.4475                      0.45700015
                 3.44771                      0.45729056
                 3.44792                      0.45758029
                 3.44813                      0.45786933
                 3.44834                      0.45815768
                 3.44855                      0.45844533
                 3.44876                      0.45873228
                 3.44897                      0.45901853
                 3.44918                      0.45930408
                 3.44939                      0.45958891
                  3.4496                      0.45987302
                 3.44981                      0.46015642
                 3.45002                       0.4604391
                 3.45023                      0.46072105
                 3.45044                      0.46100227
                 3.45065                      0.46128275
                 3.45086                       0.4615625
                 3.45107                      0.46184151
                 3.45128                      0.46211977
                 3.45149                      0.46239728
                  3.4517                      0.46267404
                 3.45191                      0.46295005
                 3.45212                      0.46322529
                 3.45233                      0.46349977
                 3.45254                      0.46377348
                 3.45275                      0.46404642
                 3.45296                      0.46431859
                 3.45317                      0.46458997
                 3.45338                      0.46486058
                 3.45359                      0.46513039
                  3.4538                      0.46539942
                 3.45401                      0.46566765
                 3.45422                      0.46593508
                 3.45443                      0.46620172
                 3.45464                      0.46646754
                 3.45485                      0.46673256
                 3.45506                      0.46699677
                 3.45527                      0.46726015
                 3.45548                      0.46752272
                 3.45569                      0.46778447
                  3.4559                      0.46804538
                 3.45611                      0.46830547
                 3.45632                      0.46856471
                 3.45653                      0.46882313
                 3.45674                      0.46908069
                 3.45695                      0.46933741
                 3.45716                      0.46959329
                 3.45737                       0.4698483
                 3.45758                      0.47010247
                 3.45779                      0.47035577
                   3.458                       0.4706082
                 3.45821                      0.47085977
                 3.45842                      0.47111046
                 3.45863                      0.47136028
                 3.45884                      0.47160922
                 3.45905                      0.47185728
                 3.45926                      0.47210445
                 3.45947                      0.47235074
                 3.45968                      0.47259612
                 3.45989                      0.47284061
                  3.4601                      0.47308421
                 3.46031                      0.47332689
                 3.46052                      0.47356867
                 3.46073                      0.47380954
                 3.46094                      0.47404949
                 3.46115                      0.47428852
                 3.46136                      0.47452663
                 3.46157                      0.47476382
                 3.46178                      0.47500007
                 3.46199                       0.4752354
                  3.4622                      0.47546978
                 3.46241                      0.47570323
                 3.46262                      0.47593574
                 3.46283                      0.47616729
                 3.46304                       0.4763979
                 3.46325                      0.47662756
                 3.46346                      0.47685625
                 3.46367                      0.47708399
                 3.46388                      0.47731076
                 3.46409                      0.47753657
                  3.4643                      0.47776141
                 3.46451                      0.47798527
                 3.46472                      0.47820815
                 3.46493                      0.47843006
                 3.46514                      0.47865098
                 3.46535                      0.47887091
                 3.46556                      0.47908985
                 3.46577                       0.4793078
                 3.46598                      0.47952475
                 3.46619                       0.4797407
                  3.4664                      0.47995564
                 3.46661                      0.48016958
                 3.46682                      0.48038251
                 3.46703                      0.48059442
                 3.46724                      0.48080532
                 3.46745                      0.48101519
                 3.46766                      0.48122404
                 3.46787                      0.48143187
                 3.46808                      0.48163867
                 3.46829                      0.48184443
                  3.4685                      0.48204916
                 3.46871                      0.48225284
                 3.46892                      0.48245549
                 3.46913                      0.48265709
                 3.46934                      0.48285764
                 3.46955                      0.48305714
                 3.46976                      0.48325558
                 3.46997                      0.48345296
                 3.47018                      0.48364929
                 3.47039                      0.48384455
                  3.4706                      0.48403874
                 3.47081                      0.48423187
                 3.47102                      0.48442392
                 3.47123                      0.48461489
                 3.47144                      0.48480478
                 3.47165                       0.4849936
                 3.47186                      0.48518132
                 3.47207                      0.48536796
                 3.47228                      0.48555351
                 3.47249                      0.48573797
                  3.4727                      0.48592133
                 3.47291                      0.48610359
                 3.47312                      0.48628474
                 3.47333                      0.48646479
                 3.47354                      0.48664374
                 3.47375                      0.48682157
                 3.47396                      0.48699829
                 3.47417                      0.48717389
                 3.47438                      0.48734837
                 3.47459                      0.48752174
                  3.4748                      0.48769397
                 3.47501                      0.48786508
                 3.47522                      0.48803506
                 3.47543                      0.48820391
                 3.47564                      0.48837162
                 3.47585                      0.48853819
                 3.47606                      0.48870363
                 3.47627                      0.48886792
                 3.47648                      0.48903106
                 3.47669                      0.48919306
                  3.4769                       0.4893539
                 3.47711                       0.4895136
                 3.47732                      0.48967213
                 3.47753                      0.48982951
                 3.47774                      0.48998573
                 3.47795                      0.49014078
                 3.47816                      0.49029467
                 3.47837                      0.49044739
                 3.47858                      0.49059894
                 3.47879                      0.49074931
                   3.479                      0.49089851
                 3.47921                      0.49104653
                 3.47942                      0.49119338
                 3.47963                      0.49133904
                 3.47984                      0.49148351
                 3.48005                       0.4916268
                 3.48026                       0.4917689
                 3.48047                      0.49190981
                 3.48068                      0.49204952
                 3.48089                      0.49218804
                  3.4811                      0.49232536
                 3.48131                      0.49246148
                 3.48152                       0.4925964
                 3.48173                      0.49273011
                 3.48194                      0.49286262
                 3.48215                      0.49299392
                 3.48236                        0.493124
                 3.48257                      0.49325288
                 3.48278                      0.49338054
                 3.48299                      0.49350698
                  3.4832                       0.4936322
                 3.48341                      0.49375621
                 3.48362                      0.49387899
                 3.48383                      0.49400054
                 3.48404                      0.49412087
                 3.48425                      0.49423997
                 3.48446                      0.49435784
                 3.48467                      0.49447448
                 3.48488                      0.49458989
                 3.48509                      0.49470406
                  3.4853                      0.49481699
                 3.48551                      0.49492868
                 3.48572                      0.49503913
                 3.48593                      0.49514834
                 3.48614                       0.4952563
                 3.48635                      0.49536302
                 3.48656                      0.49546849
                 3.48677                      0.49557271
                 3.48698                      0.49567568
                 3.48719                       0.4957774
                  3.4874                      0.49587786
                 3.48761                      0.49597707
                 3.48782                      0.49607502
                 3.48803                      0.49617171
                 3.48824                      0.49626714
                 3.48845                      0.49636131
                 3.48866                      0.49645422
                 3.48887                      0.49654586
                 3.48908                      0.49663624
                 3.48929                      0.49672535
                  3.4895                      0.49681319
                 3.48971                      0.49689976
                 3.48992                      0.49698506
                 3.49013                      0.49706908
                 3.49034                      0.49715183
                 3.49055                      0.49723331
                 3.49076                      0.49731351
                 3.49097                      0.49739244
                 3.49118                      0.49747008
                 3.49139                      0.49754645
                  3.4916                      0.49762154
                 3.49181                      0.49769534
                 3.49202                      0.49776786
                 3.49223                       0.4978391
                 3.49244                      0.49790905
                 3.49265                      0.49797771
                 3.49286                      0.49804509
                 3.49307                      0.49811118
                 3.49328                      0.49817598
                 3.49349                      0.49823949
                  3.4937                      0.49830171
                 3.49391                      0.49836264
                 3.49412                      0.49842227
                 3.49433                      0.49848062
                 3.49454                      0.49853766
                 3.49475                      0.49859342
                 3.49496                      0.49864787
                 3.49517                      0.49870103
                 3.49538                       0.4987529
                 3.49559                      0.49880346
                  3.4958                      0.49885273
                 3.49601                       0.4989007
                 3.49622                      0.49894737
                 3.49643                      0.49899274
                 3.49664                       0.4990368
                 3.49685                      0.49907957
                 3.49706                      0.49912103
                 3.49727                      0.49916119
                 3.49748                      0.49920005
                 3.49769                       0.4992376
                  3.4979                      0.49927385
                 3.49811                       0.4993088
                 3.49832                      0.49934244
                 3.49853                      0.49937478
                 3.49874                      0.49940581
                 3.49895                      0.49943553
                 3.49916                      0.49946395
                 3.49937                      0.49949106
                 3.49958                      0.49951687
                 3.49979                      0.49954137
                     3.5                      0.49956456
                 3.50021                      0.49958645
                 3.50042                      0.49960703
                 3.50063                       0.4996263
                 3.50084                      0.49964426
                 3.50105                      0.49966091
                 3.50126                      0.49967626
                 3.50147                       0.4996903
                 3.50168                      0.49970303
                 3.50189                      0.49971446
                  3.5021                      0.49972458
                 3.50231                      0.49973339
                 3.50252                      0.49974089
                 3.50273                      0.49974708
                 3.50294                      0.49975197
                 3.50315                      0.49975555
                 3.50336                      0.49975783
                 3.50357                      0.49975879
                 3.50378                      0.49975845
                 3.50399                      0.49975681
                  3.5042                      0.49975385
                 3.50441                       0.4997496
                 3.50462                      0.49974403
                 3.50483                      0.49973717
                 3.50504                      0.49972899
                 3.50525                      0.49971952
                 3.50546                      0.49970874
                 3.50567                      0.49969665
                 3.50588                      0.49968327
                 3.50609                      0.49966858
                  3.5063                      0.49965259
                 3.50651                      0.49963529
                 3.50672                       0.4996167
                 3.50693                      0.49959681
                 3.50714                      0.49957561
                 3.50735                      0.49955312
                 3.50756                      0.49952933
                 3.50777                      0.49950424
                 3.50798                      0.49947785
                 3.50819                      0.49945017
                  3.5084                       0.4994212
                 3.50861                      0.49939092
                 3.50882                      0.49935936
                 3.50903                       0.4993265
                 3.50924                      0.49929234
                 3.50945                       0.4992569
                 3.50966                      0.49922017
                 3.50987                      0.49918214
                 3.51008                      0.49914283
                 3.51029                      0.49910223
                  3.5105                      0.49906034
                 3.51071                      0.49901717
                 3.51092                      0.49897271
                 3.51113                      0.49892697
                 3.51134                      0.49887994
                 3.51155                      0.49883163
                 3.51176                      0.49878205
                 3.51197                      0.49873118
                 3.51218                      0.49867903
                 3.51239                      0.49862561
                  3.5126                      0.49857091
                 3.51281                      0.49851494
                 3.51302                      0.49845769
                 3.51323                      0.49839917
                 3.51344                      0.49833938
                 3.51365                      0.49827832
                 3.51386                      0.49821599
                 3.51407                       0.4981524
                 3.51428                      0.49808754
                 3.51449                      0.49802141
                  3.5147                      0.49795402
                 3.51491                      0.49788537
                 3.51512                      0.49781546
                 3.51533                       0.4977443
                 3.51554                      0.49767187
                 3.51575                      0.49759819
                 3.51596                      0.49752325
                 3.51617                      0.49744707
                 3.51638                      0.49736963
                 3.51659                      0.49729094
                  3.5168                      0.49721101
                 3.51701                      0.49712983
                 3.51722                       0.4970474
                 3.51743                      0.49696374
                 3.51764                      0.49687883
                 3.51785                      0.49679268
                 3.51806                       0.4967053
                 3.51827                      0.49661668
                 3.51848                      0.49652682
                 3.51869                      0.49643574
                  3.5189                      0.49634342
                 3.51911                      0.49624988
                 3.51932                      0.49615511
                 3.51953                      0.49605911
                 3.51974                      0.49596189
                 3.51995                      0.49586345
                 3.52016                       0.4957638
                 3.52037                      0.49566292
                 3.52058                      0.49556084
                 3.52079                      0.49545753
                   3.521                      0.49535302
                 3.52121                       0.4952473
                 3.52142                      0.49514038
                 3.52163                      0.49503224
                 3.52184                      0.49492291
                 3.52205                      0.49481238
                 3.52226                      0.49470064
                 3.52247                      0.49458772
                 3.52268                       0.4944736
                 3.52289                      0.49435828
                  3.5231                      0.49424178
                 3.52331                      0.49412409
                 3.52352                      0.49400522
                 3.52373                      0.49388516
                 3.52394                      0.49376392
                 3.52415                      0.49364151
                 3.52436                      0.49351792
                 3.52457                      0.49339316
                 3.52478                      0.49326722
                 3.52499                      0.49314012
                  3.5252                      0.49301185
                 3.52541                      0.49288242
                 3.52562                      0.49275183
                 3.52583                      0.49262008
                 3.52604                      0.49248717
                 3.52625                      0.49235311
                 3.52646                       0.4922179
                 3.52667                      0.49208154
                 3.52688                      0.49194403
                 3.52709                      0.49180538
                  3.5273                      0.49166559
                 3.52751                      0.49152466
                 3.52772                       0.4913826
                 3.52793                       0.4912394
                 3.52814                      0.49109507
                 3.52835                      0.49094962
                 3.52856                      0.49080303
                 3.52877                      0.49065533
                 3.52898                      0.49050651
                 3.52919                      0.49035657
                  3.5294                      0.49020552
                 3.52961                      0.49005335
                 3.52982                      0.48990008
                 3.53003                       0.4897457
                 3.53024                      0.48959022
                 3.53045                      0.48943363
                 3.53066                      0.48927595
                 3.53087                      0.48911718
                 3.53108                      0.48895731
                 3.53129                      0.48879636
                  3.5315                      0.48863432
                 3.53171                       0.4884712
                 3.53192                      0.48830699
                 3.53213                      0.48814171
                 3.53234                      0.48797536
                 3.53255                      0.48780793
                 3.53276                      0.48763944
                 3.53297                      0.48746988
                 3.53318                      0.48729926
                 3.53339                      0.48712758
                  3.5336                      0.48695485
                 3.53381                      0.48678106
                 3.53402                      0.48660622
                 3.53423                      0.48643034
                 3.53444                      0.48625341
                 3.53465                      0.48607544
                 3.53486                      0.48589643
                 3.53507                      0.48571639
                 3.53528                      0.48553532
                 3.53549                      0.48535322
                  3.5357                      0.48517009
                 3.53591                      0.48498595
                 3.53612                      0.48480078
                 3.53633                       0.4846146
                 3.53654                      0.48442741
                 3.53675                      0.48423921
                 3.53696                         0.48405
                 3.53717                      0.48385979
                 3.53738                      0.48366858
                 3.53759                      0.48347638
                  3.5378                      0.48328318
                 3.53801                        0.483089
                 3.53822                      0.48289382
                 3.53843                      0.48269767
                 3.53864                      0.48250054
                 3.53885                      0.48230243
                 3.53906                      0.48210334
                 3.53927                      0.48190329
                 3.53948                      0.48170227
                 3.53969                      0.48150029
                  3.5399                      0.48129736
                 3.54011                      0.48109346
                 3.54032                      0.48088861
                 3.54053                      0.48068282
                 3.54074                      0.48047608
                 3.54095                      0.48026839
                 3.54116                      0.48005977
                 3.54137                      0.47985021
                 3.54158                      0.47963973
                 3.54179                      0.47942831
                   3.542                      0.47921597
                 3.54221                       0.4790027
                 3.54242                      0.47878852
                 3.54263                      0.47857343
                 3.54284                      0.47835742
                 3.54305                      0.47814051
                 3.54326                      0.47792269
                 3.54347                      0.47770398
                 3.54368                      0.47748436
                 3.54389                      0.47726386
                  3.5441                      0.47704246
                 3.54431                      0.47682018
                 3.54452                      0.47659702
                 3.54473                      0.47637297
                 3.54494                      0.47614806
                 3.54515                      0.47592227
                 3.54536                      0.47569561
                 3.54557                      0.47546809
                 3.54578                       0.4752397
                 3.54599                      0.47501046
                  3.5462                      0.47478037
                 3.54641                      0.47454942
                 3.54662                      0.47431763
                 3.54683                        0.474085
                 3.54704                      0.47385153
                 3.54725                      0.47361722
                 3.54746                      0.47338208
                 3.54767                      0.47314611
                 3.54788                      0.47290932
                 3.54809                      0.47267171
                  3.5483                      0.47243328
                 3.54851                      0.47219404
                 3.54872                      0.47195398
                 3.54893                      0.47171312
                 3.54914                      0.47147146
                 3.54935                        0.471229
                 3.54956                      0.47098574
                 3.54977                       0.4707417
                 3.54998                      0.47049686
                 3.55019                      0.47025124
                  3.5504                      0.47000484
                 3.55061                      0.46975767
                 3.55082                      0.46950972
                 3.55103                        0.469261
                 3.55124                      0.46901152
                 3.55145                      0.46876127
                 3.55166                      0.46851027
                 3.55187                      0.46825851
                 3.55208                        0.468006
                 3.55229                      0.46775274
                  3.5525                      0.46749875
                 3.55271                      0.46724401
                 3.55292                      0.46698853
                 3.55313                      0.46673233
                 3.55334                      0.46647539
                 3.55355                      0.46621773
                 3.55376                      0.46595936
                 3.55397                      0.46570026
                 3.55418                      0.46544045
                 3.55439                      0.46517993
                  3.5546                       0.4649187
                 3.55481                      0.46465678
                 3.55502                      0.46439415
                 3.55523                      0.46413083
                 3.55544                      0.46386682
                 3.55565                      0.46360212
                 3.55586                      0.46333673
                 3.55607                      0.46307067
                 3.55628                      0.46280393
                 3.55649                      0.46253652
                  3.5567                      0.46226844
                 3.55691                       0.4619997
                 3.55712                      0.46173029
                 3.55733                      0.46146023
                 3.55754                      0.46118952
                 3.55775                      0.46091815
                 3.55796                      0.46064614
                 3.55817                      0.46037348
                 3.55838                      0.46010019
                 3.55859                      0.45982626
                  3.5588                       0.4595517
                 3.55901                      0.45927651
                 3.55922                       0.4590007
                 3.55943                      0.45872427
                 3.55964                      0.45844722
                 3.55985                      0.45816956
                 3.56006                      0.45789129
                 3.56027                      0.45761241
                 3.56048                      0.45733293
                 3.56069                      0.45705286
                  3.5609                      0.45677219
                 3.56111                      0.45649093
                 3.56132                      0.45620908
                 3.56153                      0.45592665
                 3.56174                      0.45564364
                 3.56195                      0.45536005
                 3.56216                      0.45507589
                 3.56237                      0.45479117
                 3.56258                      0.45450587
                 3.56279                      0.45422002
                   3.563                      0.45393361
                 3.56321                      0.45364664
                 3.56342                      0.45335913
                 3.56363                      0.45307107
                 3.56384                      0.45278246
                 3.56405                      0.45249332
                 3.56426                      0.45220364
                 3.56447                      0.45191342
                 3.56468                      0.45162268
                 3.56489                      0.45133142
                  3.5651                      0.45103963
                 3.56531                      0.45074733
                 3.56552                      0.45045451
                 3.56573                      0.45016118
                 3.56594                      0.44986734
                 3.56615                        0.449573
                 3.56636                      0.44927816
                 3.56657                      0.44898283
                 3.56678                        0.448687
                 3.56699                      0.44839068
                  3.5672                      0.44809388
                 3.56741                      0.44779659
                 3.56762                      0.44749883
                 3.56783                      0.44720059
                 3.56804                      0.44690188
                 3.56825                      0.44660271
                 3.56846                      0.44630306
                 3.56867                      0.44600296
                 3.56888                       0.4457024
                 3.56909                      0.44540139
                  3.5693                      0.44509993
                 3.56951                      0.44479802
                 3.56972                      0.44449566
                 3.56993                      0.44419287
                 3.57014                      0.44388964
                 3.57035                      0.44358598
                 3.57056                      0.44328189
                 3.57077                      0.44297737
                 3.57098                      0.44267243
                 3.57119                      0.44236708
                  3.5714                       0.4420613
                 3.57161                      0.44175512
                 3.57182                      0.44144852
                 3.57203                      0.44114152
                 3.57224                      0.44083412
                 3.57245                      0.44052632
                 3.57266                      0.44021812
                 3.57287                      0.43990954
                 3.57308                      0.43960056
                 3.57329                       0.4392912
                  3.5735                      0.43898146
                 3.57371                      0.43867134
                 3.57392                      0.43836084
                 3.57413                      0.43804998
                 3.57434                      0.43773874
                 3.57455                      0.43742714
                 3.57476                      0.43711518
                 3.57497                      0.43680287
                 3.57518                      0.43649019
                 3.57539                      0.43617717
                  3.5756                      0.43586379
                 3.57581                      0.43555008
                 3.57602                      0.43523602
                 3.57623                      0.43492162
                 3.57644                      0.43460688
                 3.57665                      0.43429182
                 3.57686                      0.43397642
                 3.57707                      0.43366071
                 3.57728                      0.43334466
                 3.57749                       0.4330283
                  3.5777                      0.43271163
                 3.57791                      0.43239464
                 3.57812                      0.43207734
                 3.57833                      0.43175974
                 3.57854                      0.43144183
                 3.57875                      0.43112363
                 3.57896                      0.43080512
                 3.57917                      0.43048633
                 3.57938                      0.43016724
                 3.57959                      0.42984787
                  3.5798                      0.42952821
                 3.58001                      0.42920828
                 3.58022                      0.42888806
                 3.58043                      0.42856757
                 3.58064                      0.42824682
                 3.58085                      0.42792579
                 3.58106                      0.42760449
                 3.58127                      0.42728294
                 3.58148                      0.42696113
                 3.58169                      0.42663906
                  3.5819                      0.42631673
                 3.58211                      0.42599416
                 3.58232                      0.42567135
                 3.58253                      0.42534828
                 3.58274                      0.42502498
                 3.58295                      0.42470144
                 3.58316                      0.42437767
                 3.58337                      0.42405367
                 3.58358                      0.42372944
                 3.58379                      0.42340498
                   3.584                       0.4230803
                 3.58421                       0.4227554
                 3.58442                      0.42243029
                 3.58463                      0.42210496
                 3.58484                      0.42177942
                 3.58505                      0.42145367
                 3.58526                      0.42112773
                 3.58547                      0.42080158
                 3.58568                      0.42047523
                 3.58589                      0.42014868
                  3.5861                      0.41982195
                 3.58631                      0.41949502
                 3.58652                      0.41916791
                 3.58673                      0.41884061
                 3.58694                      0.41851314
                 3.58715                      0.41818549
                 3.58736                      0.41785766
                 3.58757                      0.41752966
                 3.58778                      0.41720149
                 3.58799                      0.41687315
                  3.5882                      0.41654465
                 3.58841                        0.416216
                 3.58862                      0.41588718
                 3.58883                      0.41555821
                 3.58904                      0.41522909
                 3.58925                      0.41489982
                 3.58946                       0.4145704
                 3.58967                      0.41424084
                 3.58988                      0.41391114
                 3.59009                       0.4135813
                  3.5903                      0.41325133
                 3.59051                      0.41292123
                 3.59072                        0.412591
                 3.59093                      0.41226064
                 3.59114                      0.41193016
                 3.59135                      0.41159956
                 3.59156                      0.41126884
                 3.59177                        0.410938
                 3.59198                      0.41060705
                 3.59219                        0.410276
                  3.5924                      0.40994483
                 3.59261                      0.40961357
                 3.59282                       0.4092822
                 3.59303                      0.40895074
                 3.59324                      0.40861917
                 3.59345                      0.40828752
                 3.59366                      0.40795578
                 3.59387                      0.40762395
                 3.59408                      0.40729203
                 3.59429                      0.40696003
                  3.5945                      0.40662796
                 3.59471                       0.4062958
                 3.59492                      0.40596358
                 3.59513                      0.40563128
                 3.59534                      0.40529892
                 3.59555                      0.40496648
                 3.59576                      0.40463399
                 3.59597                      0.40430144
                 3.59618                      0.40396883
                 3.59639                      0.40363616
                  3.5966                      0.40330344
                 3.59681                      0.40297068
                 3.59702                      0.40263786
                 3.59723                        0.402305
                 3.59744                       0.4019721
                 3.59765                      0.40163917
                 3.59786                      0.40130619
                 3.59807                      0.40097318
                 3.59828                      0.40064015
                 3.59849                      0.40030708
                  3.5987                      0.39997399
                 3.59891                      0.39964087
                 3.59912                      0.39930774
                 3.59933                      0.39897458
                 3.59954                      0.39864142
                 3.59975                      0.39830824
                 3.59996                      0.39797505
                 3.60017                      0.39764185
                 3.60038                      0.39730864
                 3.60059                      0.39697544
                  3.6008                      0.39664224
                 3.60101                      0.39630904
                 3.60122                      0.39597584
                 3.60143                      0.39564265
                 3.60164                      0.39530948
                 3.60185                      0.39497631
                 3.60206                      0.39464317
                 3.60227                      0.39431004
                 3.60248                      0.39397693
                 3.60269                      0.39364384
                  3.6029                      0.39331078
                 3.60311                      0.39297775
                 3.60332                      0.39264475
                 3.60353                      0.39231179
                 3.60374                      0.39197886
                 3.60395                      0.39164597
                 3.60416                      0.39131312
                 3.60437                      0.39098031
                 3.60458                      0.39064755
                 3.60479                      0.39031483
                   3.605                      0.38998217

