        Frequency / GHz                S1,1/abs,dB
----------------------------------------------------------------------
                   3.395                      -5.6973069
                 3.39521                      -5.7085516
               3.3954201                      -5.7198301
               3.3956299                      -5.7311431
               3.3958399                      -5.7424902
                 3.39605                      -5.7538719
                 3.39626                      -5.7652873
               3.3964701                      -5.7767365
               3.3966801                      -5.7882208
               3.3968899                      -5.7997406
                  3.3971                      -5.8112957
                 3.39731                      -5.8228849
               3.3975201                      -5.8345089
               3.3977301                      -5.8461697
               3.3979399                      -5.8578647
                 3.39815                      -5.8695953
                 3.39836                      -5.8813607
               3.3985701                      -5.8931624
               3.3987801                      -5.9050013
               3.3989899                      -5.9168751
                  3.3992                      -5.9287842
                 3.39941                       -5.940731
               3.3996201                      -5.9527137
               3.3998301                      -5.9647341
               3.4000399                       -5.976789
                 3.40025                      -5.9888822
                 3.40046                       -6.001012
               3.4006701                      -6.0131789
               3.4008801                      -6.0253821
               3.4010899                      -6.0376239
                  3.4013                      -6.0499029
                 3.40151                      -6.0622198
                 3.40172                      -6.0745742
               3.4019301                      -6.0869672
               3.4021399                      -6.0993981
               3.4023499                      -6.1118664
                 3.40256                      -6.1243729
                 3.40277                      -6.1369195
               3.4029801                      -6.1495024
               3.4031899                      -6.1621259
               3.4033999                      -6.1747892
                 3.40361                       -6.187489
                 3.40382                      -6.2002292
               3.4040301                      -6.2130094
               3.4042399                      -6.2258285
               3.4044499                      -6.2386876
                 3.40466                      -6.2515869
                 3.40487                      -6.2645262
               3.4050801                       -6.277506
               3.4052899                      -6.2905264
               3.4054999                      -6.3035856
                 3.40571                      -6.3166863
                 3.40592                      -6.3298277
               3.4061301                      -6.3430103
               3.4063399                      -6.3562348
               3.4065499                      -6.3694991
                 3.40676                      -6.3828069
                 3.40697                      -6.3961539
               3.4071801                      -6.4095437
               3.4073901                      -6.4229773
               3.4075999                      -6.4364512
                 3.40781                      -6.4499679
                 3.40802                      -6.4635262
               3.4082301                      -6.4771283
               3.4084401                       -6.490772
               3.4086499                      -6.5044598
                 3.40886                      -6.5181916
                 3.40907                      -6.5319644
               3.4092801                      -6.5457831
               3.4094901                      -6.5596435
               3.4096999                       -6.573549
                 3.40991                      -6.5874974
                 3.41012                      -6.6014915
               3.4103301                      -6.6155302
               3.4105401                      -6.6296138
               3.4107499                      -6.6437399
                 3.41096                      -6.6579141
                 3.41117                      -6.6721311
               3.4113801                      -6.6863941
               3.4115901                      -6.7007031
               3.4117999                       -6.715058
                 3.41201                      -6.7294581
                 3.41222                      -6.7439051
                 3.41243                      -6.7583971
               3.4126401                      -6.7729363
               3.4128499                      -6.7875233
               3.4130599                      -6.8021578
                 3.41327                      -6.8168381
                 3.41348                      -6.8315664
               3.4136901                      -6.8463419
               3.4138999                      -6.8611639
               3.4141099                      -6.8760349
                 3.41432                      -6.8909544
                 3.41453                      -6.9059224
               3.4147401                      -6.9209393
               3.4149499                      -6.9360047
               3.4151599                      -6.9511186
                 3.41537                      -6.9662833
                 3.41558                      -6.9814959
               3.4157901                       -6.996759
               3.4159999                      -7.0120702
               3.4162099                      -7.0274339
                 3.41642                      -7.0428466
                 3.41663                      -7.0583116
               3.4168401                      -7.0738247
               3.4170499                      -7.0893906
               3.4172599                      -7.1050075
                 3.41747                      -7.1206763
                 3.41768                      -7.1363965
               3.4178901                      -7.1521696
               3.4181001                      -7.1679934
               3.4183099                       -7.183871
                 3.41852                      -7.1998003
                 3.41873                      -7.2157825
               3.4189401                      -7.2318168
               3.4191501                      -7.2479072
               3.4193599                      -7.2640484
                 3.41957                       -7.280246
                 3.41978                      -7.2964966
               3.4199901                      -7.3128018
               3.4202001                      -7.3291604
               3.4204099                      -7.3455754
                 3.42062                      -7.3620452
                 3.42083                      -7.3785695
               3.4210401                      -7.3951509
               3.4212501                      -7.4117872
               3.4214599                      -7.4284807
                 3.42167                      -7.4452298
                 3.42188                      -7.4620367
               3.4220901                      -7.4788995
               3.4223001                      -7.4958195
               3.4225099                      -7.5127965
                 3.42272                      -7.5298325
                 3.42293                      -7.5469252
                 3.42314                      -7.5640783
               3.4233501                      -7.5812888
               3.4235599                       -7.598558
                 3.42377                      -7.6158875
                 3.42398                      -7.6332751
                 3.42419                       -7.650723
               3.4244001                       -7.668231
               3.4246099                      -7.6857995
               3.4248199                      -7.7034284
                 3.42503                      -7.7211197
                 3.42524                        -7.73887
               3.4254501                      -7.7566835
               3.4256599                      -7.7745583
               3.4258699                      -7.7924957
                 3.42608                      -7.8104937
                 3.42629                      -7.8285567
               3.4265001                      -7.8466815
               3.4267099                      -7.8648707
               3.4269199                       -7.883123
                 3.42713                      -7.9014385
                 3.42734                      -7.9198195
               3.4275501                      -7.9382643
               3.4277599                      -7.9567739
               3.4279699                      -7.9753499
                 3.42818                      -7.9939902
                 3.42839                      -8.0126978
               3.4286001                      -8.0314712
               3.4288099                      -8.0503113
               3.4290199                      -8.0692186
                 3.42923                      -8.0881917
                 3.42944                      -8.1072335
               3.4296501                      -8.1263441
               3.4298601                      -8.1455228
               3.4300699                      -8.1647679
                 3.43028                      -8.1840842
                 3.43049                      -8.2034697
               3.4307001                      -8.2229254
               3.4309101                      -8.2424503
               3.4311199                      -8.2620464
                 3.43133                      -8.2817143
                 3.43154                      -8.3014521
               3.4317501                      -8.3212613
               3.4319601                       -8.341142
               3.4321699                      -8.3610965
                 3.43238                       -8.381123
                 3.43259                      -8.4012227
               3.4328001                      -8.4213964
               3.4330101                      -8.4416427
               3.4332199                      -8.4619635
                 3.43343                      -8.4823609
                 3.43364                      -8.5028308
                 3.43385                      -8.5233767
               3.4340601                      -8.5440008
               3.4342699                      -8.5646989
                 3.43448                      -8.5854753
                 3.43469                      -8.6063269
                  3.4349                      -8.6272584
               3.4351101                      -8.6482664
               3.4353199                      -8.6693534
               3.4355299                       -8.690518
                 3.43574                      -8.7117625
                 3.43595                       -8.733087
               3.4361601                      -8.7544914
               3.4363699                      -8.7759778
               3.4365799                      -8.7975437
                 3.43679                      -8.8191925
                   3.437                      -8.8409217
               3.4372101                      -8.8627319
               3.4374199                      -8.8846276
               3.4376299                      -8.9066062
                 3.43784                      -8.9286677
                 3.43805                      -8.9508134
               3.4382601                      -8.9730437
               3.4384699                      -8.9953608
               3.4386799                       -9.017762
                 3.43889                      -9.0402497
                  3.4391                      -9.0628246
               3.4393101                       -9.085487
               3.4395199                      -9.1082362
               3.4397299                      -9.1310731
                 3.43994                          -9.154
                 3.44015                      -9.1770156
               3.4403601                      -9.2001195
               3.4405701                      -9.2233163
               3.4407799                      -9.2466029
                 3.44099                      -9.2699786
                  3.4412                      -9.2934496
               3.4414101                      -9.3170102
               3.4416201                      -9.3406657
               3.4418299                      -9.3644138
                 3.44204                      -9.3882539
                 3.44225                      -9.4121913
               3.4424601                      -9.4362245
               3.4426701                      -9.4603507
               3.4428799                      -9.4845738
                 3.44309                      -9.5088961
                  3.4433                      -9.5333138
               3.4435101                      -9.5578311
               3.4437201                      -9.5824459
               3.4439299                      -9.6071594
                 3.44414                       -9.631974
                 3.44435                      -9.6568882
               3.4445601                      -9.6819039
               3.4447701                      -9.7070218
               3.4449799                      -9.7322404
                 3.44519                      -9.7575635
                  3.4454                       -9.782989
                 3.44561                      -9.8085197
               3.4458201                      -9.8341556
               3.4460299                       -9.859895
               3.4462399                      -9.8857423
                 3.44645                      -9.9116984
                 3.44666                        -9.93776
               3.4468701                      -9.9639285
               3.4470799                      -9.9902069
               3.4472899                      -10.016596
                  3.4475                      -10.043095
                 3.44771                      -10.069707
               3.4479201                      -10.096428
               3.4481299                      -10.123263
               3.4483399                      -10.150211
                 3.44855                      -10.177273
                 3.44876                      -10.204449
               3.4489701                      -10.231742
               3.4491799                       -10.25915
               3.4493899                      -10.286675
                  3.4496                      -10.314318
                 3.44981                      -10.342079
               3.4500201                      -10.369961
               3.4502299                      -10.397962
               3.4504399                      -10.426087
                 3.45065                       -10.45433
                 3.45086                      -10.482697
               3.4510701                      -10.511187
               3.4512801                      -10.539802
               3.4514899                      -10.568543
                  3.4517                      -10.597409
                 3.45191                      -10.626402
               3.4521201                      -10.655524
               3.4523301                      -10.684772
               3.4525399                      -10.714152
                 3.45275                      -10.743661
                 3.45296                      -10.773304
               3.4531701                      -10.803077
               3.4533801                      -10.832983
               3.4535899                      -10.863025
                  3.4538                      -10.893201
                 3.45401                      -10.923515
               3.4542201                      -10.953965
               3.4544301                      -10.984552
               3.4546399                      -11.015279
                 3.45485                      -11.046147
                 3.45506                      -11.077157
               3.4552701                      -11.108306
               3.4554801                      -11.139601
               3.4556899                      -11.171039
                  3.4559                      -11.202623
                 3.45611                      -11.234353
                 3.45632                      -11.266232
               3.4565301                       -11.29826
               3.4567399                      -11.330436
               3.4569499                      -11.362764
                 3.45716                      -11.395243
                 3.45737                      -11.427876
               3.4575801                      -11.460664
               3.4577899                      -11.493608
               3.4579999                      -11.526707
                 3.45821                      -11.559964
                 3.45842                      -11.593383
               3.4586301                      -11.626961
               3.4588399                        -11.6607
               3.4590499                      -11.694603
                 3.45926                      -11.728671
                 3.45947                      -11.762905
               3.4596801                      -11.797304
               3.4598899                      -11.831873
               3.4600999                      -11.866612
                 3.46031                       -11.90152
                 3.46052                      -11.936603
               3.4607301                      -11.971859
               3.4609399                       -12.00729
               3.4611499                      -12.042897
                 3.46136                      -12.078684
                 3.46157                      -12.114649
               3.4617801                      -12.150797
               3.4619901                      -12.187128
               3.4621999                      -12.223642
                 3.46241                      -12.260342
                 3.46262                       -12.29723
               3.4628301                      -12.334306
               3.4630401                      -12.371575
               3.4632499                      -12.409034
                 3.46346                      -12.446688
                 3.46367                      -12.484538
               3.4638801                      -12.522584
               3.4640901                       -12.56083
               3.4642999                      -12.599277
                 3.46451                      -12.637927
                 3.46472                      -12.676781
               3.4649301                      -12.715842
               3.4651401                       -12.75511
               3.4653499                      -12.794589
                 3.46556                       -12.83428
                 3.46577                      -12.874185
               3.4659801                      -12.914305
               3.4661901                      -12.954644
               3.4663999                      -12.995203
                 3.46661                      -13.035983
                 3.46682                      -13.076987
                 3.46703                      -13.118219
               3.4672401                      -13.159676
               3.4674499                      -13.201367
                 3.46766                      -13.243289
                 3.46787                      -13.285446
                 3.46808                       -13.32784
               3.4682901                      -13.370473
               3.4684999                      -13.413349
               3.4687099                       -13.45647
                 3.46892                      -13.499836
                 3.46913                      -13.543451
               3.4693401                      -13.587319
               3.4695499                       -13.63144
               3.4697599                      -13.675818
                 3.46997                      -13.720454
                 3.47018                      -13.765354
               3.4703901                      -13.810517
               3.4705999                      -13.855947
               3.4708099                      -13.901647
                 3.47102                      -13.947623
                 3.47123                      -13.993872
               3.4714401                        -14.0404
               3.4716499                      -14.087209
               3.4718599                      -14.134304
                 3.47207                      -14.181686
                 3.47228                      -14.229359
               3.4724901                      -14.277325
               3.4727001                      -14.325589
               3.4729099                      -14.374153
                 3.47312                      -14.423021
                 3.47333                      -14.472196
               3.4735401                       -14.52168
               3.4737501                       -14.57148
               3.4739599                      -14.621597
                 3.47417                      -14.672034
                 3.47438                      -14.722797
               3.4745901                      -14.773887
               3.4748001                       -14.82531
               3.4750099                       -14.87707
                 3.47522                      -14.929169
                 3.47543                      -14.981613
               3.4756401                      -15.034404
               3.4758501                      -15.087549
               3.4760599                      -15.141048
                 3.47627                       -15.19491
                 3.47648                      -15.249137
               3.4766901                      -15.303733
               3.4769001                      -15.358704
               3.4771099                      -15.414053
                 3.47732                      -15.469786
                 3.47753                      -15.525908
                 3.47774                      -15.582423
               3.4779501                      -15.639336
               3.4781599                      -15.696651
                 3.47837                      -15.754377
                 3.47858                      -15.812515
                 3.47879                      -15.871073
               3.4790001                      -15.930055
               3.4792099                      -15.989469
               3.4794199                      -16.049318
                 3.47963                      -16.109608
                 3.47984                      -16.170347
               3.4800501                      -16.231541
               3.4802599                      -16.293194
               3.4804699                      -16.355312
                 3.48068                      -16.417906
                 3.48089                      -16.480977
               3.4811001                      -16.544536
               3.4813099                      -16.608587
               3.4815199                      -16.673139
                 3.48173                      -16.738198
                 3.48194                      -16.803772
               3.4821501                      -16.869868
               3.4823599                      -16.936493
               3.4825699                      -17.003657
                 3.48278                      -17.071367
                 3.48299                      -17.139629
               3.4832001                      -17.208455
               3.4834099                      -17.277852
               3.4836199                      -17.347828
                 3.48383                      -17.418392
                 3.48404                      -17.489553
               3.4842501                      -17.561322
               3.4844601                      -17.633708
               3.4846699                       -17.70672
                 3.48488                      -17.780369
                 3.48509                      -17.854664
               3.4853001                      -17.929616
               3.4855101                      -18.005238
               3.4857199                      -18.081536
                 3.48593                      -18.158527
                 3.48614                       -18.23622
               3.4863501                      -18.314627
               3.4865601                       -18.39376
               3.4867699                      -18.473631
                 3.48698                      -18.554253
                 3.48719                      -18.635641
               3.4874001                      -18.717807
               3.4876101                      -18.800765
               3.4878199                      -18.884528
                 3.48803                      -18.969113
                 3.48824                      -19.054534
               3.4884501                      -19.140805
               3.4886601                      -19.227943
               3.4888699                      -19.315964
                 3.48908                      -19.404886
                 3.48929                      -19.494724
                  3.4895                      -19.585495
               3.4897101                      -19.677221
               3.4899199                      -19.769917
               3.4901299                      -19.863603
                 3.49034                      -19.958297
                 3.49055                      -20.054023
               3.4907601                      -20.150798
               3.4909699                      -20.248647
               3.4911799                      -20.347589
                 3.49139                      -20.447648
                  3.4916                      -20.548846
               3.4918101                      -20.651207
               3.4920199                      -20.754758
               3.4922299                      -20.859523
                 3.49244                      -20.965527
                 3.49265                      -21.072799
               3.4928601                      -21.181367
               3.4930699                      -21.291255
               3.4932799                        -21.4025
                 3.49349                      -21.515125
                  3.4937                      -21.629167
               3.4939101                      -21.744656
               3.4941199                      -21.861624
               3.4943299                      -21.980106
                 3.49454                       -22.10014
                 3.49475                       -22.22176
               3.4949601                      -22.345004
               3.4951701                       -22.46991
               3.4953799                      -22.596519
                 3.49559                      -22.724871
                  3.4958                      -22.855012
               3.4960101                      -22.986981
               3.4962201                      -23.120824
               3.4964299                       -23.25659
                 3.49664                      -23.394322
                 3.49685                      -23.534075
               3.4970601                      -23.675895
               3.4972701                      -23.819834
               3.4974799                      -23.965947
                 3.49769                      -24.114288
                  3.4979                      -24.264911
               3.4981101                      -24.417874
               3.4983201                      -24.573237
               3.4985299                      -24.731057
                 3.49874                      -24.891397
                 3.49895                      -25.054316
               3.4991601                      -25.219878
               3.4993701                      -25.388143
               3.4995799                      -25.559179
                 3.49979                      -25.733044
                     3.5                      -25.909802
                 3.50021                      -26.089516
               3.5004201                      -26.272245
               3.5006299                      -26.458047
               3.5008399                      -26.646978
                 3.50105                       -26.83909
                 3.50126                       -27.03443
               3.5014701                      -27.233035
               3.5016799                      -27.434941
               3.5018899                       -27.64017
                  3.5021                      -27.848731
                 3.50231                      -28.060623
               3.5025201                      -28.275822
               3.5027299                      -28.494289
               3.5029399                      -28.715952
                 3.50315                      -28.940718
                 3.50336                      -29.168449
               3.5035701                      -29.398975
               3.5037799                      -29.632066
               3.5039899                      -29.867444
                  3.5042                      -30.104755
                 3.50441                      -30.343574
               3.5046201                      -30.583381
               3.5048299                       -30.82356
               3.5050399                      -31.063375
                 3.50525                      -31.301965
                 3.50546                      -31.538324
               3.5056701                      -31.771294
               3.5058801                       -31.99956
               3.5060899                      -32.221635
                  3.5063                      -32.435862
                 3.50651                      -32.640433
               3.5067201                      -32.833396
               3.5069301                      -33.012692
               3.5071399                      -33.176198
                 3.50735                      -33.321787
                 3.50756                      -33.447397
               3.5077701                      -33.551113
               3.5079801                      -33.631255
               3.5081899                      -33.686457
                  3.5084                      -33.715751
                 3.50861                      -33.718608
               3.5088201                      -33.694981
               3.5090301                        -33.6453
               3.5092399                      -33.570456
                 3.50945                      -33.471737
                 3.50966                      -33.350768
               3.5098701                      -33.209423
               3.5100801                      -33.049744
               3.5102899                      -32.873848
                  3.5105                      -32.683865
                 3.51071                      -32.481872
                 3.51092                      -32.269845
               3.5111301                       -32.04962
               3.5113399                      -31.822889
               3.5115499                      -31.591168
                 3.51176                      -31.355811
                 3.51197                      -31.118006
               3.5121801                      -30.878787
               3.5123899                      -30.639042
               3.5125999                      -30.399532
                 3.51281                      -30.160895
                 3.51302                      -29.923671
               3.5132301                      -29.688302
               3.5134399                      -29.455155
               3.5136499                      -29.224522
                 3.51386                      -28.996641
                 3.51407                      -28.771697
               3.5142801                      -28.549831
               3.5144899                      -28.331145
               3.5146999                      -28.115714
                 3.51491                      -27.903585
                 3.51512                      -27.694783
               3.5153301                      -27.489315
               3.5155399                      -27.287174
               3.5157499                      -27.088336
                 3.51596                      -26.892774
                 3.51617                      -26.700446
               3.5163801                      -26.511309
               3.5165901                      -26.325312
               3.5167999                      -26.142398
                 3.51701                      -25.962513
                 3.51722                      -25.785593
               3.5174301                      -25.611581
               3.5176401                       -25.44041
               3.5178499                      -25.272022
                 3.51806                      -25.106351
                 3.51827                      -24.943333
               3.5184801                      -24.782909
               3.5186901                      -24.625016
               3.5188999                      -24.469592
                 3.51911                      -24.316578
                 3.51932                      -24.165917
               3.5195301                      -24.017551
               3.5197401                      -23.871422
               3.5199499                      -23.727478
                 3.52016                      -23.585664
                 3.52037                      -23.445927
               3.5205801                      -23.308219
               3.5207901                      -23.172489
               3.5209999                       -23.03869
                 3.52121                      -22.906775
                 3.52142                      -22.776699
                 3.52163                      -22.648417
               3.5218401                      -22.521889
               3.5220499                      -22.397069
                 3.52226                      -22.273922
                 3.52247                      -22.152404
                 3.52268                      -22.032482
               3.5228901                      -21.914116
               3.5230999                      -21.797272
               3.5233099                      -21.681916
                 3.52352                      -21.568013
                 3.52373                       -21.45553
               3.5239401                      -21.344437
               3.5241499                      -21.234704
               3.5243599                      -21.126298
                 3.52457                      -21.019195
                 3.52478                      -20.913363
               3.5249901                      -20.808777
               3.5251999                      -20.705409
               3.5254099                      -20.603236
                 3.52562                      -20.502231
                 3.52583                      -20.402369
               3.5260401                      -20.303632
               3.5262499                       -20.20599
               3.5264599                      -20.109426
                 3.52667                      -20.013916
                 3.52688                      -19.919439
               3.5270901                      -19.825978
               3.5272999                      -19.733508
               3.5275099                      -19.642015
                 3.52772                      -19.551477
                 3.52793                      -19.461878
               3.5281401                      -19.373197
               3.5283501                       -19.28542
               3.5285599                       -19.19853
                 3.52877                       -19.11251
                 3.52898                      -19.027343
               3.5291901                      -18.943016
               3.5294001                      -18.859512
               3.5296099                      -18.776817
                 3.52982                      -18.694917
                 3.53003                      -18.613799
               3.5302401                      -18.533446
               3.5304501                      -18.453848
               3.5306599                       -18.37499
                 3.53087                      -18.296862
                 3.53108                      -18.219451
               3.5312901                      -18.142744
               3.5315001                      -18.066729
               3.5317099                      -17.991395
                 3.53192                       -17.91673
                 3.53213                      -17.842728
                 3.53234                      -17.769372
               3.5325501                      -17.696654
               3.5327599                      -17.624566
                 3.53297                      -17.553097
                 3.53318                      -17.482235
                 3.53339                      -17.411974
               3.5336001                      -17.342301
               3.5338099                      -17.273211
               3.5340199                      -17.204693
                 3.53423                      -17.136739
                 3.53444                       -17.06934
               3.5346501                      -17.002488
               3.5348599                      -16.936177
               3.5350699                      -16.870396
                 3.53528                      -16.805137
                 3.53549                      -16.740396
               3.5357001                      -16.676163
               3.5359099                      -16.612431
               3.5361199                      -16.549195
                 3.53633                      -16.486446
                 3.53654                      -16.424177
               3.5367501                      -16.362382
               3.5369599                      -16.301056
               3.5371699                       -16.24019
                 3.53738                      -16.179779
                 3.53759                      -16.119817
               3.5378001                      -16.060298
               3.5380099                      -16.001217
               3.5382199                      -15.942567
                 3.53843                      -15.884342
                 3.53864                      -15.826538
               3.5388501                      -15.769147
               3.5390601                      -15.712167
               3.5392699                      -15.655591
                 3.53948                      -15.599413
                 3.53969                       -15.54363
               3.5399001                      -15.488237
               3.5401101                      -15.433227
               3.5403199                      -15.378596
                 3.54053                      -15.324341
                 3.54074                      -15.270457
               3.5409501                      -15.216938
               3.5411601                      -15.163781
               3.5413699                      -15.110981
                 3.54158                      -15.058533
                 3.54179                      -15.006434
               3.5420001                       -14.95468
               3.5422101                      -14.903266
               3.5424199                      -14.852189
                 3.54263                      -14.801447
                 3.54284                      -14.751032
               3.5430501                      -14.700942
               3.5432601                      -14.651174
               3.5434699                      -14.601724
                 3.54368                      -14.552587
                 3.54389                      -14.503763
                  3.5441                      -14.455246
               3.5443101                      -14.407033
               3.5445199                       -14.35912
               3.5447299                      -14.311504
                 3.54494                      -14.264183
                 3.54515                      -14.217152
               3.5453601                      -14.170411
               3.5455699                      -14.123954
               3.5457799                      -14.077778
                 3.54599                      -14.031882
                  3.5462                      -13.986261
               3.5464101                      -13.940914
               3.5466199                      -13.895838
               3.5468299                      -13.851027
                 3.54704                      -13.806483
                 3.54725                      -13.762201
               3.5474601                      -13.718177
               3.5476699                       -13.67441
               3.5478799                      -13.630898
                 3.54809                      -13.587637
                  3.5483                      -13.544626
               3.5485101                      -13.501862
               3.5487199                      -13.459341
               3.5489299                      -13.417062
                 3.54914                      -13.375023
                 3.54935                      -13.333222
               3.5495601                      -13.291654
               3.5497701                      -13.250321
               3.5499799                      -13.209217
                 3.55019                      -13.168342
                  3.5504                      -13.127693
               3.5506101                      -13.087268
               3.5508201                      -13.047065
               3.5510299                      -13.007082
                 3.55124                      -12.967317
                 3.55145                      -12.927768
               3.5516601                      -12.888432
               3.5518701                      -12.849308
               3.5520799                      -12.810394
                 3.55229                      -12.771689
                  3.5525                       -12.73319
               3.5527101                      -12.694894
               3.5529201                      -12.656802
               3.5531299                      -12.618911
                 3.55334                      -12.581217
                 3.55355                      -12.543723
               3.5537601                      -12.506423
               3.5539701                      -12.469317
               3.5541799                      -12.432403
                 3.55439                      -12.395679
                  3.5546                      -12.359145
                 3.55481                      -12.322798
               3.5550201                      -12.286636
               3.5552299                      -12.250659
               3.5554399                      -12.214864
                 3.55565                       -12.17925
                 3.55586                      -12.143815
               3.5560701                      -12.108558
               3.5562799                      -12.073479
               3.5564899                      -12.038573
                  3.5567                      -12.003843
                 3.55691                      -11.969283
               3.5571201                      -11.934894
               3.5573299                      -11.900675
               3.5575399                      -11.866624
                 3.55775                       -11.83274
                 3.55796                      -11.799023
               3.5581701                      -11.765468
               3.5583799                      -11.732075
               3.5585899                      -11.698844
                  3.5588                      -11.665774
                 3.55901                      -11.632863
               3.5592201                       -11.60011
               3.5594299                      -11.567512
               3.5596399                       -11.53507
                 3.55985                      -11.502781
                 3.56006                      -11.470646
               3.5602701                      -11.438663
               3.5604801                       -11.40683
               3.5606899                      -11.375147
                  3.5609                      -11.343611
                 3.56111                      -11.312223
               3.5613201                       -11.28098
               3.5615301                      -11.249884
               3.5617399                       -11.21893
                 3.56195                       -11.18812
                 3.56216                      -11.157451
               3.5623701                      -11.126923
               3.5625801                      -11.096534
               3.5627899                      -11.066286
                   3.563                      -11.036173
                 3.56321                      -11.006197
               3.5634201                      -10.976357
               3.5636301                      -10.946653
               3.5638399                      -10.917081
                 3.56405                      -10.887643
                 3.56426                      -10.858335
               3.5644701                      -10.829159
               3.5646801                      -10.800114
               3.5648899                      -10.771196
                  3.5651                      -10.742408
                 3.56531                      -10.713746
                 3.56552                      -10.685209
               3.5657301                        -10.6568
               3.5659399                      -10.628516
                 3.56615                      -10.600353
                 3.56636                      -10.572314
                 3.56657                      -10.544398
               3.5667801                      -10.516602
               3.5669899                      -10.488927
               3.5671999                      -10.461371
                 3.56741                      -10.433933
                 3.56762                      -10.406615
               3.5678301                      -10.379413
               3.5680399                      -10.352328
               3.5682499                      -10.325359
                 3.56846                      -10.298505
                 3.56867                      -10.271763
               3.5688801                      -10.245135
               3.5690899                       -10.21862
               3.5692999                      -10.192217
                 3.56951                      -10.165924
                 3.56972                      -10.139742
               3.5699301                      -10.113671
               3.5701399                      -10.087708
               3.5703499                      -10.061853
                 3.57056                      -10.036106
                 3.57077                      -10.010465
               3.5709801                      -9.9849309
               3.5711901                      -9.9595022
               3.5713999                      -9.9341777
                 3.57161                      -9.9089583
                 3.57182                      -9.8838425
               3.5720301                      -9.8588292
               3.5722401                      -9.8339186
               3.5724499                      -9.8091082
                 3.57266                      -9.7843998
                 3.57287                      -9.7597909
               3.5730801                      -9.7352829
               3.5732901                      -9.7108737
               3.5734999                      -9.6865626
                 3.57371                      -9.6623479
                 3.57392                      -9.6382331
               3.5741301                      -9.6142146
               3.5743401                      -9.5902905
               3.5745499                      -9.5664623
                 3.57476                      -9.5427301
                 3.57497                      -9.5190923
               3.5751801                      -9.4955473
               3.5753901                      -9.4720955
               3.5755999                      -9.4487368
                 3.57581                      -9.4254703
                 3.57602                       -9.402295
                 3.57623                      -9.3792121
               3.5764401                      -9.3562176
               3.5766499                      -9.3333142
                 3.57686                      -9.3104995
                 3.57707                      -9.2877742
                 3.57728                      -9.2651371
               3.5774901                      -9.2425897
               3.5776999                      -9.2201266
               3.5779099                      -9.1977522
                 3.57812                      -9.1754642
                 3.57833                      -9.1532606
               3.5785401                      -9.1311448
               3.5787499                       -9.109111
               3.5789599                      -9.0871636
                 3.57917                      -9.0652994
                 3.57938                      -9.0435187
               3.5795901                      -9.0218214
               3.5797999                      -9.0002061
               3.5800099                      -8.9786749
                 3.58022                      -8.9572221
                 3.58043                      -8.9358523
               3.5806401                      -8.9145628
               3.5808499                      -8.8933526
               3.5810599                      -8.8722233
                 3.58127                      -8.8511728
                 3.58148                      -8.8302006
               3.5816901                      -8.8093082
               3.5818999                      -8.7884941
               3.5821099                      -8.7677554
                 3.58232                      -8.7470963
                 3.58253                      -8.7265124
               3.5827401                      -8.7060051
               3.5829501                      -8.6855746
               3.5831599                      -8.6652182
                 3.58337                      -8.6449384
                 3.58358                      -8.6247335
               3.5837901                      -8.6046008
               3.5840001                      -8.5845431
               3.5842099                      -8.5645593
                 3.58442                      -8.5446491
                 3.58463                      -8.5248107
               3.5848401                       -8.505044
               3.5850501                      -8.4853507
               3.5852599                      -8.4657282
                 3.58547                      -8.4461784
                 3.58568                      -8.4266984
               3.5858901                       -8.407289
               3.5861001                      -8.3879495
               3.5863099                      -8.3686803
                 3.58652                        -8.34948
                 3.58673                      -8.3303491
               3.5869401                      -8.3112859
               3.5871501                      -8.2922927
               3.5873599                      -8.2733668
                 3.58757                      -8.2545079
                 3.58778                      -8.2357169
                 3.58799                      -8.2169924
               3.5882001                      -8.1983358
               3.5884099                       -8.179745
               3.5886199                      -8.1612203
                 3.58883                      -8.1427618
                 3.58904                       -8.124367
               3.5892501                       -8.106038
               3.5894599                      -8.0877732
               3.5896699                      -8.0695735
                 3.58988                      -8.0514367
                 3.59009                      -8.0333648
               3.5903001                       -8.015356
               3.5905099                      -7.9974105
               3.5907199                      -7.9795271
                 3.59093                      -7.9617063
                 3.59114                       -7.943948
               3.5913501                      -7.9262518
               3.5915599                      -7.9086174
               3.5917699                      -7.8910429
                 3.59198                      -7.8735306
                 3.59219                      -7.8560778
               3.5924001                      -7.8386873
               3.5926099                      -7.8213561
               3.5928199                      -7.8040837
                 3.59303                       -7.786872
                 3.59324                      -7.7697185
               3.5934501                      -7.7526251
               3.5936601                      -7.7355907
               3.5938699                      -7.7186146
                 3.59408                      -7.7016966
                 3.59429                      -7.6848351
               3.5945001                      -7.6680326
               3.5947101                      -7.6512872
               3.5949199                      -7.6345991
                 3.59513                      -7.6179679
                 3.59534                      -7.6013934
               3.5955501                      -7.5848744
               3.5957601                      -7.5684118
               3.5959699                       -7.552006
                 3.59618                      -7.5356538
                 3.59639                      -7.5193585
               3.5966001                       -7.503118
               3.5968101                      -7.4869318
               3.5970199                      -7.4708003
                 3.59723                      -7.4547231
                 3.59744                      -7.4387013
               3.5976501                      -7.4227318
               3.5978601                      -7.4068162
               3.5980699                      -7.3909542
                 3.59828                      -7.3751453
                 3.59849                      -7.3593903
                  3.5987                      -7.3436861
               3.5989101                      -7.3280354
               3.5991199                      -7.3124368
               3.5993299                      -7.2968898
                 3.59954                      -7.2813943
                 3.59975                      -7.2659511
               3.5999601                        -7.25056
               3.6001699                       -7.235219
               3.6003799                      -7.2199288
                 3.60059                      -7.2046896
                  3.6008                       -7.189501
               3.6010101                      -7.1743616
               3.6012199                      -7.1592723
               3.6014299                      -7.1442335
                 3.60164                      -7.1292445
                 3.60185                      -7.1143055
               3.6020601                      -7.0994135
               3.6022699                      -7.0845718
               3.6024799                      -7.0697802
                 3.60269                      -7.0550353
                  3.6029                      -7.0403389
               3.6031101                      -7.0256905
               3.6033199                      -7.0110914
               3.6035299                      -6.9965393
                 3.60374                      -6.9820339
                 3.60395                       -6.967577
               3.6041601                      -6.9531677
               3.6043701                      -6.9388038
               3.6045799                      -6.9244877
                 3.60479                      -6.9102184
                   3.605                      -6.8959952

